# case 1
a0 <- 1200
b0 <- 400
a0+ a0/b0*b0

b1 <- 320
a1 <- b0 * a0 / b1

# buy and hold
a0 + a1/b1*b0
# uniswap
a1 + a1/b1*b1


# case 2
a0 <- 100
b0 <- 1

b1 <- 0.912871
a1 <- b0 * a0 / b1

# buy and hold
a0 + a1/b1*b0
# uniswap
a1 + a1/b1*b1

